0 0.000000
5000 0.210000
10000 0.642000
15000 1.300000
20000 2.215000
25000 3.211000
30000 4.444000
35000 5.831000
40000 7.714000
45000 10.379000
50000 23.263000
55000 33.132000
60000 40.040000
65000 45.248000
70000 51.371000
75000 57.128000
80000 63.324000
85000 68.044000
90000 76.363000
95000 81.680000
100000 78.016000
105000 102.039000
110000 106.694000
115000 116.232000
120000 123.037000
125000 124.427000
130000 135.539000
135000 146.709000
140000 153.356000
145000 156.548000
150000 165.427000